.Random.seed <-
c(403L, 10L, -1917410241L, -1373875258L, 659144784L, 1952738419L, 
871006353L, 1046192320L, 392366750L, 384190057L, 1372354203L, 
-1080796246L, 803061708L, 1449374351L, -1273423163L, -1446612356L, 
-2123784494L, 554793549L, 765564679L, 1751546606L, 3436488L, 
455815371L, 1865355561L, -1784600200L, -1971929434L, 1589913793L, 
1869619539L, 364318210L, 2127648564L, -759769929L, 2059158701L, 
-1730616892L, 1058406890L, -735076779L, -1235079185L, -934502410L, 
-1472243424L, 1357305571L, 1424207745L, 802339312L, 357148814L, 
-143601671L, -2044844661L, -1544306246L, 1159643324L, -1947376641L, 
347337045L, 2006674028L, 1427242690L, -1097684707L, -53559401L, 
1215757054L, -304127816L, 285174427L, 743196921L, -1664615864L, 
912041334L, -1394707279L, 1441167587L, 2101082034L, 1783785476L, 
-2051392697L, -759737827L, -2050856812L, -196794310L, 1921862277L, 
-816055457L, 1849234406L, 442130032L, 37523859L, 2070926897L, 
1075219680L, 336616830L, 770871305L, -952205253L, -1446064630L, 
-1529487892L, -559787409L, 2108005797L, -1316561572L, 1894326578L, 
263946285L, -328122649L, -1656466418L, -849781272L, -1864448021L, 
1084446857L, -498680808L, -1273717946L, -894408287L, -2001184717L, 
398202274L, -638947180L, -817129705L, 834986253L, 1433798692L, 
13813770L, -901743243L, 624028879L, -2100084778L, 791740288L, 
-1523649597L, -1053608607L, 1853934544L, -442832082L, -995109159L, 
964904171L, 1980368218L, -1799768292L, -1203129825L, -1619340683L, 
377954060L, 262345442L, -1996748867L, -335036361L, 756206302L, 
-132532712L, -1689757317L, 1582403865L, -1568473688L, 1069965654L, 
-444948015L, 1700061571L, 1276895250L, -1224862812L, -706370713L, 
-673105731L, -1573748684L, -1798384742L, -1641619483L, -1161204865L, 
1470700294L, 1958057104L, 737453363L, 440025809L, 414140544L, 
572354910L, 1213826729L, 689140059L, 935959402L, 1871565324L, 
-99503537L, -1817567483L, -1447405636L, 270062226L, 1257118093L, 
1125728711L, 1312105134L, -1211766008L, -477800181L, -339843095L, 
-367083336L, -1809946778L, 60670977L, 582169235L, -975186622L, 
-702530828L, 1098499831L, 1941407469L, 410571140L, 1510596522L, 
-691509995L, 361107375L, -1537638474L, 954148320L, 1121189155L, 
906596929L, 1481719088L, -1174120626L, -1007338055L, -563519541L, 
-970353542L, 539166076L, 1911922111L, 1859508885L, -1141339988L, 
1344983682L, -272934307L, 940445015L, 16347198L, 1830831224L, 
-974925989L, -1680049479L, 1651480328L, -1124061770L, -1924615439L, 
-1909148381L, 2054942578L, 80707012L, 728024455L, -1216018595L, 
-2090202796L, -1771369606L, 293022405L, 2009857055L, -2083402842L, 
548556080L, -27988013L, -1665966607L, 1635756832L, 707691966L, 
1345617353L, 1430086011L, -850122934L, -1468860500L, -856899921L, 
-1626719131L, -1575228388L, 1006502514L, 813184237L, -190534361L, 
-1615079090L, 1413265832L, -286491221L, -1124624695L, 726060760L, 
2079921030L, 2026128993L, -1455292429L, 1489236578L, -1619999532L, 
1245488599L, 1432801229L, 1516047204L, 1739804490L, 442062517L, 
244108815L, 2123079446L, -1492104768L, -1320320190L, 176691968L, 
539801532L, -1507270832L, 1313669922L, -2083218104L, 1735535116L, 
-216102820L, 1346272466L, 87824896L, 1245998420L, -1323542040L, 
-991147014L, 169836752L, -49541844L, -1581210892L, 141416850L, 
-1035750304L, 1226679564L, -2103127328L, 833046882L, 2069633704L, 
-1071152564L, -406638212L, 1324811570L, -1764904848L, 940787524L, 
521321944L, 1435798650L, 526577200L, 387304124L, 177479508L, 
-1014524862L, 1583889824L, -1644557636L, -1372538416L, 1244101986L, 
-2081460248L, 1837844428L, 670666492L, -1372626446L, 245205120L, 
772965620L, 1316456072L, 830691130L, -935054512L, 784049772L, 
554549396L, -1439280814L, -381518112L, -1501891892L, -2020740960L, 
1521105794L, 405664488L, 473371372L, 502799420L, 1933021810L, 
-1918864272L, 499615268L, 318096440L, -814663654L, 1233558224L, 
-1001679812L, -589618028L, -2008245118L, -1294940224L, 381835580L, 
-1906535792L, 314141730L, -1150893048L, 1671514252L, -668468196L, 
-1986783598L, 1311523968L, -1542893548L, 1986110760L, 128323130L, 
510993616L, 1672434796L, -1374883148L, -1664903150L, 1010026464L, 
-661426228L, 1615826400L, 1551662626L, 1629333800L, -1907617524L, 
294561340L, -2115727118L, -1333056784L, -1151872188L, 12491352L, 
2024096314L, -1748056336L, 1612041404L, 203083284L, 665698498L, 
1786994784L, 1492741500L, 133905616L, -1365636062L, -1943651672L, 
-1071808628L, 426203580L, 1768506418L, -1052506304L, -858842956L, 
752825160L, -20919622L, -1046950128L, 1455880428L, 1014600788L, 
-1543325934L, -1635241056L, -157671476L, 2057448288L, 1248846018L, 
1747846696L, 570807724L, 110137148L, 1659330418L, -1618971856L, 
-497343964L, 295776312L, -1599648550L, 813777296L, -812222724L, 
216453012L, -1169595582L, -1584457216L, 1844470332L, -205171120L, 
1026691746L, -1080640696L, 1928272396L, -1649136420L, 963179090L, 
-1789310848L, 919305044L, 1587417576L, -418764038L, 1304090448L, 
707552300L, -1814211212L, 887365266L, -2077476256L, -445115764L, 
1541237600L, -311545118L, 757520552L, -1706602292L, -428195332L, 
1154613170L, 310285808L, -1718047292L, -706742440L, 1635212154L, 
-331776592L, 216416700L, 691953748L, 1263072194L, 397370144L, 
807802812L, -760434096L, 448163298L, -737906328L, -1533424308L, 
99999996L, -1434303758L, 853176064L, 10190452L, -1510162424L, 
534000058L, 542740432L, 670304748L, 1555802004L, 1504203474L, 
-1654063520L, 407201100L, 422855968L, -541283710L, -952919576L, 
-1497022484L, 1163413052L, -1581169038L, -68375696L, 1219275044L, 
-1597201864L, -627451494L, 743913936L, -153295428L, -246425452L, 
1985934466L, 79537600L, 1954351932L, 1372187792L, -550560990L, 
-1561889272L, 1662756108L, -1143278180L, 1056550418L, 249035648L, 
-1437936876L, 275689768L, -1541340102L, 818195408L, 1366186604L, 
-1419865548L, -1733764462L, 1500931424L, 1801034060L, 812525536L, 
-28543582L, -333253208L, 273307276L, -2802244L, -575091086L, 
-2057669648L, -1503515068L, -945082280L, 1757460538L, -922148752L, 
1013897276L, -339173100L, 1548935874L, -1216452896L, -408651652L, 
13331473L, 1591819523L, -335507452L, -2025054158L, -1988114297L, 
-1421867823L, -635543978L, -198234572L, -408206011L, 1481901967L, 
-534629624L, -244746970L, 1611509203L, 1310992181L, 2000006802L, 
-1905698208L, -735380535L, -538035461L, -1295973172L, -76866214L, 
-1073729457L, 816094489L, 1706465070L, -571283140L, -1378165075L, 
-1218176681L, -629040992L, 1587422718L, -1242957621L, 500467405L, 
-696348166L, 201845304L, 1741760481L, 1939513491L, 2122629812L, 
-471232574L, -940639273L, -418835423L, -2011126810L, 1223200484L, 
2056362517L, 1184436799L, -179263016L, 1942937590L, -1728190461L, 
-713309371L, -322287774L, 1511155920L, 790090745L, -29118677L, 
1788152988L, -1874115894L, -801846337L, 1230112521L, -34934754L, 
936673740L, -846165091L, -1848506841L, -855258032L, 1912943854L, 
410530203L, 246360061L, 91742954L, -1971210872L, 4502321L, -1210815581L, 
-500630620L, -2057218478L, -477645401L, -1692356111L, -1731533514L, 
-144323116L, 919446373L, 526445423L, 306636200L, 183073542L, 
-1782645197L, 1850766485L, -107074318L, -490808000L, 584639145L, 
1790405403L, 865705196L, 1292656890L, -1694637777L, 151442745L, 
673486670L, 1222745500L, 659947277L, -1480066697L, 1083530624L, 
529021918L, -2016095061L, -1953828947L, -82402278L, 1508821720L, 
-1009302719L, 1592275955L, -1053639148L, 1808111522L, 1069852855L, 
-328813951L, 1003868806L, 1784046276L, -1987558411L, -1261938081L, 
1250397368L, 1104185750L, 2067501987L, -93386907L, -1396687230L, 
959716336L, 1107385753L, -192277621L, 1880252028L, 223433898L, 
-1205614881L, 276372585L, -547670402L, 1224031852L, -651173187L, 
-33243257L, 422030192L, 640195086L, 414709563L, 881912861L, 52159690L, 
766156776L, 971992273L, -578975549L, -963723324L, -364725134L, 
-421096121L, -1879701231L, -214827882L, -1040305676L, -409197691L, 
-1034491185L, -892192824L, 1273495142L, 1834979475L, 142184437L, 
-1833465390L, -402615776L, -689484791L, -2123755205L, 147846284L, 
